Name : test2
TYPE: NON_EUC_CLUSTERED_TREE
DIMENSION : 10
NUMBER_OF_CLUSTERS: 2
EDGE_WEIGHT_SECTION:
         0        774        448        632        246        296        330        477        776         80 
       774          0        610        306        329        260        854        888        264        972
       448        610          0        322        685        627        638        640         15        162 
       632        306        322          0        817        555        231        235        426        612
       246        329        685        817          0        287        712        949        689        102
       296        260        627        555        287          0        808        358        228        663
       330        854        638        231        712        808          0        334       1000        522
       477        888        640        235        949        358        334          0        765         56
       776        264         15        426        689        228       1000        765          0        236
        80        972        162        612        102        663        522         56        236          0
CLUSTER_SECTION:
1 8 7 1 2 4 -1
2 5 9 10 -1